Vertices: 126
-14.748281 2.3459472e-06 -19.67923
14.748281 2.3459472e-06 -19.67923
14.748281 -2.3459472e-06 19.67923
-14.748281 -2.3459472e-06 19.67923
-14.748281 -2.5027695 -19.67923
-14.748281 -2.5027742 19.67923
14.748281 -2.5027742 19.67923
14.748281 -2.5027695 -19.67923
-14.748281 2.5389731e-06 -21.298449
-14.748281 -2.5027692 -21.298449
14.748281 -2.5027692 -21.298449
14.748281 2.5389731e-06 -21.298449
16.061161 2.3459472e-06 -19.67923
16.061161 -2.5027695 -19.67923
16.061161 -2.5027742 19.67923
16.061161 -2.3459472e-06 19.67923
14.748281 -2.5494069e-06 21.385973
14.748281 -2.5027745 21.385973
-14.748281 -2.5027745 21.385973
-14.748281 -2.5494069e-06 21.385973
-16.67384 -2.3459472e-06 19.67923
-16.67384 -2.5027742 19.67923
-16.67384 -2.5027695 -19.67923
-16.67384 2.3459472e-06 -19.67923
14.748281 1.575453 19.67923
14.748281 1.5754578 -19.67923
16.061161 1.5754578 -19.67923
16.061161 1.575453 19.67923
14.748281 2.3459472e-06 -19.67923
14.748281 -2.5027695 -19.67923
16.061161 -2.5027695 -19.67923
16.061161 2.3459472e-06 -19.67923
14.748281 -2.5027695 -19.67923
16.061161 -2.5027742 19.67923
16.061161 -2.5027695 -19.67923
14.748281 -2.5027742 19.67923
14.748281 -2.3459472e-06 19.67923
16.061161 -2.3459472e-06 19.67923
16.061161 -2.5027742 19.67923
14.748281 -2.3459472e-06 19.67923
14.748281 2.3459472e-06 -19.67923
14.748281 1.5754578 -19.67923
14.748281 1.575453 19.67923
16.061161 1.5754578 -19.67923
14.748281 1.5754578 -19.67923
16.061161 1.575453 19.67923
16.061161 1.5754578 -19.67923
14.748281 1.575453 19.67923
16.061161 1.575453 19.67923
14.748281 1.4004072 -19.67923
-14.748281 1.4004072 -19.67923
-14.748281 1.4004073 -21.298449
14.748281 1.4004073 -21.298449
-14.748281 2.3459472e-06 -19.67923
-14.748281 -2.5027695 -19.67923
-14.748281 -2.5027692 -21.298449
-14.748281 2.5389731e-06 -21.298449
-14.748281 -2.5027695 -19.67923
14.748281 -2.5027695 -19.67923
14.748281 -2.5027692 -21.298449
-14.748281 -2.5027692 -21.298449
14.748281 -2.5027695 -19.67923
14.748281 2.3459472e-06 -19.67923
14.748281 2.5389731e-06 -21.298449
14.748281 -2.5027692 -21.298449
14.748281 2.3459472e-06 -19.67923
-14.748281 2.3459472e-06 -19.67923
-14.748281 1.4004072 -19.67923
14.748281 1.4004072 -19.67923
-14.748281 1.4004073 -21.298449
-14.748281 1.4004072 -19.67923
14.748281 1.4004073 -21.298449
-14.748281 1.4004073 -21.298449
14.748281 1.4004072 -19.67923
14.748281 1.4004073 -21.298449
-14.748281 1.3128837 -19.67923
-14.748281 1.312879 19.67923
-16.67384 1.312879 19.67923
-16.67384 1.3128837 -19.67923
-14.748281 -2.3459472e-06 19.67923
-14.748281 -2.5027742 19.67923
-16.67384 -2.5027742 19.67923
-16.67384 -2.3459472e-06 19.67923
-14.748281 -2.5027695 -19.67923
-16.67384 -2.5027695 -19.67923
-16.67384 -2.5027742 19.67923
-14.748281 -2.5027695 -19.67923
-14.748281 2.3459472e-06 -19.67923
-16.67384 2.3459472e-06 -19.67923
-16.67384 -2.5027695 -19.67923
-14.748281 2.3459472e-06 -19.67923
-14.748281 -2.3459472e-06 19.67923
-14.748281 1.312879 19.67923
-14.748281 1.3128837 -19.67923
-16.67384 1.312879 19.67923
-14.748281 1.312879 19.67923
-16.67384 1.3128837 -19.67923
-16.67384 1.312879 19.67923
-14.748281 1.3128837 -19.67923
-16.67384 1.3128837 -19.67923
-14.748281 1.3566393 19.67923
14.748281 1.3566393 19.67923
14.748281 1.3566391 21.385973
-14.748281 1.3566391 21.385973
14.748281 -2.3459472e-06 19.67923
14.748281 -2.5027742 19.67923
14.748281 -2.5027745 21.385973
14.748281 -2.5494069e-06 21.385973
14.748281 -2.5027742 19.67923
-14.748281 -2.5027742 19.67923
-14.748281 -2.5027745 21.385973
14.748281 -2.5027745 21.385973
-14.748281 -2.5027742 19.67923
-14.748281 -2.3459472e-06 19.67923
-14.748281 -2.5494069e-06 21.385973
-14.748281 -2.5027745 21.385973
-14.748281 -2.3459472e-06 19.67923
14.748281 -2.3459472e-06 19.67923
14.748281 1.3566393 19.67923
-14.748281 1.3566393 19.67923
14.748281 1.3566391 21.385973
14.748281 1.3566393 19.67923
-14.748281 1.3566391 21.385973
14.748281 1.3566391 21.385973
-14.748281 1.3566393 19.67923
-14.748281 1.3566391 21.385973

Indices: 228
0
2
1
2
0
3
4
6
5
6
4
7
8
10
9
10
8
11
12
14
13
14
12
15
16
18
17
18
16
19
20
22
21
22
20
23
24
26
25
26
24
27
28
30
29
30
28
31
32
33
6
33
32
34
35
37
36
37
35
38
39
41
40
41
39
42
28
43
31
43
28
44
12
45
15
45
12
46
37
47
36
47
37
48
49
51
50
51
49
52
53
55
54
55
53
56
57
59
58
59
57
60
61
63
62
63
61
64
65
67
66
67
65
68
53
69
56
69
53
70
8
71
11
71
8
72
63
73
62
73
63
74
75
77
76
77
75
78
79
81
80
81
79
82
5
84
83
84
5
85
86
88
87
88
86
89
90
92
91
92
90
93
79
94
82
94
79
95
20
96
23
96
20
97
88
98
87
98
88
99
100
102
101
102
100
103
104
106
105
106
104
107
108
110
109
110
108
111
112
114
113
114
112
115
116
118
117
118
116
119
104
120
107
120
104
121
16
122
19
122
16
123
114
124
113
124
114
125
